0.000000
0.309017
0.587785
0.809017
0.951056
1.000000
0.951056
0.809017
0.587785
0.309017
0.000000
-0.309017
-0.587785
-0.809017
-0.951056
-1.000000
-0.951056
-0.809017
-0.587785
-0.309017
0.000000
0.309017
0.587785
0.809017
0.951056
1.000000
0.951056
0.809017
0.587785
0.309017
0.000000
-0.309017
-0.587785
-0.809017
-0.951056
-1.000000
-0.951056
-0.809017
-0.587785
-0.309017
0.000000
0.309017
0.587785
0.809017
0.951056
1.000000
0.951056
0.809017
0.587785
0.309017
0.000000
-0.309017
-0.587785
-0.809017
-0.951056
-1.000000
-0.951056
-0.809017
-0.587785
-0.309017
0.000000
0.309017
0.587785
0.809017
0.951056
1.000000
0.951056
0.809017
0.587785
0.309017
0.000000
-0.309017
-0.587785
-0.809017
-0.951056
-1.000000
-0.951056
-0.809017
-0.587785
-0.309017
0.000000
0.309017
0.587785
0.809017
0.951056
1.000000
0.951056
0.809017
0.587785
0.309017
0.000000
-0.309017
-0.587785
-0.809017
-0.951056
-1.000000
-0.951056
-0.809017
-0.587785
-0.309017
0.000000
0.309017
0.587785
0.809017
0.951056
1.000000
0.951056
0.809017
0.587785
0.309017
0.000000
-0.309017
-0.587785
-0.809017
-0.951056
-1.000000
-0.951056
-0.809017
-0.587785
-0.309017
0.000000
0.309017
0.587785
0.809017
0.951056
1.000000
0.951056
0.809017
0.587785
0.309017
0.000000
-0.309017
-0.587785
-0.809017
-0.951056
-1.000000
-0.951056
-0.809017
-0.587785
-0.309017
0.000000
0.309017
0.587785
0.809017
0.951056
1.000000
0.951056
0.809017
0.587785
0.309017
0.000000
-0.309017
-0.587785
-0.809017
-0.951056
-1.000000
-0.951056
-0.809017
-0.587785
-0.309017
0.000000
0.309017
0.587785
0.809017
0.951056
1.000000
0.951056
0.809017
0.587785
0.309017
0.000000
-0.309017
-0.587785
-0.809017
-0.951056
-1.000000
-0.951056
-0.809017
-0.587785
-0.309017
0.000000
0.309017
0.587785
0.809017
0.951056
1.000000
0.951056
0.809017
0.587785
0.309017
0.000000
-0.309017
-0.587785
-0.809017
-0.951056
-1.000000
-0.951056
-0.809017
-0.587785
-0.309017
0.000000
0.309017
0.587785
0.809017
0.951056
1.000000
0.951056
0.809017
0.587785
0.309017
0.000000
-0.309017
-0.587785
-0.809017
-0.951056
-1.000000
-0.951056
-0.809017
-0.587785
-0.309017
0.000000
0.309017
0.587785
0.809017
0.951056
1.000000
0.951056
0.809017
0.587785
0.309017
0.000000
-0.309017
-0.587785
-0.809017
-0.951056
-1.000000
-0.951056
-0.809017
-0.587785
-0.309017
